1
0
70395 200 100 5505
500 0
30 9
2 2
2 0
20 5
3 0
1 0
0
70395 200 100 5505
500 0
60 9
4 2
4 0
40 5
6 0
2 0
0
70395 200 100 5505
500 0
30 9
2 2
2 0
20 5
3 0
1 0
0
70395 200 90 5205
800 0
60 9
4 2
4 0
40 5
6 1
2 0
Player
500 0 0 0 0 0 0 0
nobody
0 0 0 0 0 0 0 0
PC1
0 0 300 0 0 0 0 0
PC1
0 0 200 0 0 0 0 0
nobody
0 0 0 0 0 0 0 0
nobody
0 0 0 0 0 0 0 0
nobody
0 0 0 0 0 0 0 0
nobody
0 0 0 0 0 0 0 0
nobody
0 0 0 0 0 0 0 0
nobody
0 0 0 0 0 0 0 0
nobody
0 0 0 0 0 0 0 0
nobody
0 0 0 0 0 0 0 0
PC2
0 0 0 0 500 0 0 0
nobody
0 0 0 0 0 0 0 0
PC3
0 0 0 0 0 0 300 0
PC3
0 0 0 0 0 0 500 0
0 0 0 0